

+255 622 186 950

+299 28 23 21

+299 56 26 66

+682 75 283

+98 902 186 2183

+98 902 297 4272

+98 933 546 6956

+98 935 744 9612

+989021091877

+989170026583

+989170808582

+989171386301

+989334174367

+989915371552

+989920052145

09017328533

0903 852 7672

0914 648 7858

0914 768 5692

0914 847 0183

09164859709

09170211509

09174553482

09176858119

09177078503

09178710558

0921 313 2261

09222154463

0933 638 8708

0935 740 5481

0938 319 4992

0938 520 6037

0991 293 5862

0992 408 9575

0993 556 3901

0994 097 7209

299512732